"AtBat" "Hits" "HmRun" "Runs" "RBI" "Walks" "Years" "CAtBat" "CHits" "CHmRun" "CRuns" "CRBI" "CWalks" "League" "Division" "PutOuts" "Assists" "Errors" "Salary" "NewLeague"
"-Marvell Wynne" 288 76 7 34 37 15 4 1644 408 16 198 120 113 "N" "W" 203 3 3 240 "N"
"-Bill Almon" 196 43 7 29 27 30 13 3231 825 36 376 290 238 "N" "E" 80 45 8 240 "N"
"-Rick Cerone" 216 56 4 22 18 15 12 2796 665 43 266 304 198 "A" "E" 391 44 4 250 "A"
"-Jack Howell" 151 41 4 26 21 19 2 288 68 9 45 39 35 "A" "W" 28 56 2 95 "A"
"-Spike Owen" 528 122 1 67 45 51 4 1716 403 12 211 146 155 "A" "W" 209 372 17 350 "A"
"-Tom Paciorek" 213 61 4 17 22 3 17 4061 1145 83 488 491 244 "A" "W" 178 45 4 235 "A"
"-Willie Upshaw" 573 144 9 85 60 78 8 3198 857 97 470 420 332 "A" "E" 1314 131 12 960 "A"
"-Willie Randolph" 492 136 5 76 50 94 12 5511 1511 39 897 451 875 "A" "E" 313 381 20 875 "A"
"-Lee Lacy" 491 141 11 77 47 37 15 4291 1240 84 615 430 340 "A" "E" 239 8 2 525 "A"
"-Garth Iorg" 327 85 3 30 44 20 8 2140 568 16 216 208 93 "A" "E" 91 185 12 362.5 "A"
"-Gary Matthews" 370 96 21 49 46 60 15 6986 1972 231 1070 955 921 "N" "E" 137 5 9 733.333 "N"
"-Rob Deer" 466 108 33 75 86 72 3 652 142 44 102 109 102 "A" "E" 286 8 8 215 "A"
"-Tim Laudner" 193 47 10 21 29 24 6 1136 256 42 129 139 106 "A" "W" 299 13 5 245 "A"
"-Von Hayes" 610 186 19 107 98 74 6 2728 753 69 399 366 286 "N" "E" 1182 96 13 1300 "N"
"-Phil Bradley" 526 163 12 88 50 77 4 1556 470 38 245 167 174 "A" "W" 250 11 1 750 "A"
"-Graig Nettles" 354 77 16 36 55 41 20 8716 2172 384 1172 1267 1057 "N" "W" 83 174 16 200 "N"
"-Kal Daniels" 181 58 6 34 23 22 1 181 58 6 34 23 22 "N" "W" 88 0 3 86.5 "N"
"-Scott Bradley" 220 66 5 20 28 13 3 290 80 5 27 31 15 "A" "W" 281 21 3 90 "A"
"-Harold Baines" 570 169 21 72 88 38 7 3754 1077 140 492 589 263 "A" "W" 295 15 5 950 "A"
"-Danny Tartabull" 511 138 25 76 96 61 3 592 164 28 87 110 71 "A" "W" 157 7 8 145 "A"
"-Brian Downing" 513 137 20 90 95 90 14 5201 1382 166 763 734 784 "A" "W" 267 5 3 900 "A"
"-Argenis Salazar" 298 73 0 24 24 7 3 509 108 0 41 37 12 "A" "W" 121 283 9 100 "A"
"-Mike Marshall" 330 77 19 47 53 27 6 1928 516 90 247 288 161 "N" "W" 149 8 6 670 "N"
"-Tony Phillips" 441 113 5 76 52 76 5 1546 397 17 226 149 191 "A" "W" 160 290 11 425 "A"
"-Ron Roenicke" 275 68 5 42 42 61 6 961 238 16 128 104 172 "N" "E" 181 3 2 191 "N"
"-Mariano Duncan" 407 93 8 47 30 30 2 969 230 14 121 69 68 "N" "W" 172 317 25 150 "N"
"-Ed Romero" 233 49 2 41 23 18 8 1350 336 7 166 122 106 "A" "E" 102 132 10 375 "A"
"-Glenn Braggs" 215 51 4 19 18 11 1 215 51 4 19 18 11 "A" "E" 116 5 12 70 "A"
"-Carmelo Martinez" 244 58 9 28 25 35 4 1335 333 49 164 179 194 "N" "W" 142 14 2 340 "N"
"-Harold Reynolds" 445 99 1 46 24 29 4 618 129 1 72 31 48 "A" "W" 278 415 16 87.5 "A"
"-Johnny Grubb" 210 70 13 32 51 28 15 4040 1130 97 544 462 551 "A" "E" 0 0 0 365 "A"
"-Eddie Milner" 424 110 15 70 47 36 7 2130 544 38 335 174 258 "N" "W" 292 6 3 490 "N"
"-Kevin McReynolds" 560 161 26 89 96 66 4 1789 470 65 233 260 155 "N" "W" 332 9 8 625 "N"
"-BillyJo Robidoux" 181 41 1 15 21 33 2 232 50 4 20 29 45 "A" "E" 326 29 5 67.5 "A"
"-Jose Canseco" 600 144 33 85 117 65 2 696 173 38 101 130 69 "A" "W" 319 4 14 165 "A"
"-Tito Landrum" 205 43 2 24 17 20 7 854 219 12 105 99 71 "N" "E" 131 6 1 286.667 "N"
"-Tim Hulett" 520 120 17 53 44 21 4 927 227 22 106 80 52 "A" "W" 70 144 11 185 "A"
"-Mike LaValliere" 303 71 3 18 30 36 3 344 76 3 20 36 45 "N" "E" 468 47 6 100 "N"
"-Dave Winfield" 565 148 24 90 104 77 14 7287 2083 305 1135 1234 791 "A" "E" 292 9 5 1861.46 "A"
"-Bob Dernier" 324 73 4 32 18 22 7 1931 491 13 291 108 180 "N" "E" 222 3 3 708.333 "N"
"-Lloyd Moseby" 589 149 21 89 86 64 7 3558 928 102 513 471 351 "A" "E" 371 6 6 787.5 "A"
"-Paul Molitor" 437 123 9 62 55 40 9 4139 1203 79 676 390 364 "A" "E" 82 170 15 1260 "A"
"-Dave Concepcion" 311 81 3 42 30 26 17 8247 2198 100 950 909 690 "N" "W" 153 223 10 320 "N"
"-Joel Youngblood" 184 47 5 20 28 18 11 3327 890 74 419 382 304 "N" "W" 49 2 0 450 "N"
"-Terry Pendleton" 578 138 1 56 59 34 3 1399 357 7 149 161 87 "N" "E" 133 371 20 160 "N"
"-Steve Buechele" 461 112 18 54 54 35 2 680 160 24 76 75 49 "A" "W" 111 226 11 135 "A"
"-Mel Hall" 442 131 18 68 77 33 6 1416 398 47 210 203 136 "A" "E" 233 7 7 550 "A"
"-Chris Bando" 254 68 2 28 26 22 6 999 236 21 108 117 118 "A" "E" 359 30 4 305 "A"
"-Don Slaught" 314 83 13 39 46 16 5 1457 405 28 156 159 76 "A" "W" 533 40 4 431.5 "A"
"-Wally Joyner" 593 172 22 82 100 57 1 593 172 22 82 100 57 "A" "W" 1222 139 15 165 "A"
"-Tom Brookens" 281 76 3 42 25 20 8 2658 657 48 324 300 179 "A" "E" 106 144 7 341.667 "A"
"-Dale Murphy" 614 163 29 89 83 75 11 5017 1388 266 813 822 617 "N" "W" 303 6 6 1900 "N"
"-Kent Hrbek" 550 147 29 85 91 71 6 2816 815 117 405 474 319 "A" "W" 1218 104 10 1310 "A"
"-Ronn Reynolds" 126 27 3 8 10 5 4 239 49 3 16 13 14 "N" "E" 190 2 9 190 "N"
"-Gary Ward" 380 120 5 54 51 31 8 3118 900 92 444 419 240 "A" "W" 237 8 1 600 "A"
"-Tim Teufel" 279 69 4 35 31 32 4 1359 355 31 180 148 158 "N" "E" 133 173 9 277.5 "N"
"-Wally Backman" 387 124 1 67 27 36 7 1775 506 6 272 125 194 "N" "E" 186 290 17 550 "N"
"-Carlton Fisk" 457 101 14 42 63 22 17 6521 1767 281 1003 977 619 "A" "W" 389 39 4 875 "A"
"-Bill Buckner" 629 168 18 73 102 40 18 8424 2464 164 1008 1072 402 "A" "E" 1067 157 14 776.667 "A"
"-Chet Lemon" 403 101 12 45 53 39 12 5150 1429 166 747 666 526 "A" "E" 316 6 5 675 "A"
"-Mickey Tettleton" 211 43 10 26 35 39 3 498 116 14 59 55 78 "A" "W" 463 32 8 120 "A"
"-Vance Law" 360 81 5 37 44 37 7 2268 566 41 279 257 246 "N" "E" 170 284 3 525 "N"
"-Donnie Hill" 339 96 4 37 29 23 4 1064 290 11 123 108 55 "A" "W" 104 213 9 275 "A"
"-Buddy Biancalana" 190 46 2 24 8 15 5 479 102 5 65 23 39 "A" "W" 102 177 16 175 "A"
"-Jim Gantner" 497 136 7 58 38 26 11 3871 1066 40 450 367 241 "A" "E" 304 347 10 850 "A"
"-Gary Redus" 340 84 11 62 33 47 5 1516 376 42 284 141 219 "N" "E" 185 8 4 400 "A"
"-Al Newman" 185 37 1 23 8 21 2 214 42 1 30 9 24 "N" "E" 76 127 7 70 "A"
"-Gary Gaetti" 596 171 34 91 108 52 6 2862 728 107 361 401 224 "A" "W" 118 334 21 900 "A"
"-Ron Cey" 256 70 13 42 36 44 16 7058 1845 312 965 1128 990 "N" "E" 41 118 8 1050 "A"
"-Curt Ford" 214 53 2 30 29 23 2 226 59 2 32 32 27 "N" "E" 109 7 3 70 "N"
"-Lou Whitaker" 584 157 20 95 73 63 10 4704 1320 93 724 522 576 "A" "E" 276 421 11 420 "A"
"-Wade Boggs" 580 207 8 107 71 105 5 2778 978 32 474 322 417 "A" "E" 121 267 19 1600 "A"
"-Don Baylor" 585 139 31 93 94 62 17 7546 1982 315 1141 1179 727 "A" "E" 0 0 0 950 "A"
"-Roy Smalley" 459 113 20 59 57 68 12 5348 1369 155 713 660 735 "A" "W" 0 0 0 740 "A"
"-Andres Galarraga" 321 87 10 39 42 30 2 396 101 12 48 46 33 "N" "E" 805 40 4 91.5 "N"
"-Alan Wiggins" 239 60 0 30 11 22 6 1941 510 4 309 103 207 "A" "E" 121 151 6 700 "A"
"-Ruben Sierra" 382 101 16 50 55 22 1 382 101 16 50 55 22 "A" "W" 200 7 6 97.5 "A"
"-Jim Rice" 618 200 20 98 110 62 13 7127 2163 351 1104 1289 564 "A" "E" 330 16 8 2412.5 "A"
"-Ron Oester" 523 135 8 52 44 52 9 3368 895 39 377 284 296 "N" "W" 367 475 19 750 "N"
"-Darnell Coles" 521 142 20 67 86 45 4 815 205 22 99 103 78 "A" "E" 107 242 23 105 "A"
"-Brett Butler" 587 163 4 92 51 70 6 2695 747 17 442 198 317 "A" "E" 434 9 3 765 "A"
"-Glenn Hubbard" 408 94 4 42 36 66 9 3573 866 59 429 365 410 "N" "W" 282 487 19 535 "N"
"-Mike Aldrete" 216 54 2 27 25 33 1 216 54 2 27 25 33 "N" "W" 317 36 1 75 "N"
"-Bill Doran" 550 152 6 92 37 81 5 2308 633 32 349 182 308 "N" "W" 262 329 16 625 "N"
"-Chris Brown" 416 132 7 57 49 33 3 932 273 24 113 121 80 "N" "W" 73 177 18 215 "N"
"-Mike Kingery" 209 54 3 25 14 12 1 209 54 3 25 14 12 "A" "W" 102 6 3 68 "A"
"-Jose Cruz" 479 133 10 48 72 55 17 7472 2147 153 980 1032 854 "N" "W" 237 5 4 773.333 "N"
"-Bill Madlock" 379 106 10 38 60 30 14 6207 1906 146 859 803 571 "N" "W" 72 170 24 850 "N"
"-Keith Hernandez" 551 171 13 94 83 94 13 6090 1840 128 969 900 917 "N" "E" 1199 149 5 1800 "N"
"-Rick Burleson" 271 77 5 35 29 33 12 4933 1358 48 630 435 403 "A" "W" 62 90 3 450 "A"
"-Jim Morrison" 537 147 23 58 88 47 10 2744 730 97 302 351 174 "N" "E" 92 257 20 277.5 "N"
"-Joe Carter" 663 200 29 108 121 32 4 1447 404 57 210 222 68 "A" "E" 241 8 6 250 "A"
"-Larry Sheets" 338 92 18 42 60 21 3 682 185 36 88 112 50 "A" "E" 0 0 0 145 "A"
"-Dwayne Murphy" 329 83 9 50 39 56 9 3828 948 145 575 528 635 "A" "W" 276 6 2 600 "A"
"-Ken Landreaux" 283 74 4 34 29 22 10 3919 1062 85 505 456 283 "N" "W" 145 5 7 737.5 "N"
"-Darrell Porter" 155 41 12 21 29 22 16 5409 1338 181 746 805 875 "A" "W" 165 9 1 260 "A"
"-Len Dykstra" 431 127 8 77 45 58 2 667 187 9 117 64 88 "N" "E" 283 8 3 202.5 "N"
"-John Moses" 399 102 3 56 34 34 5 670 167 4 89 48 54 "A" "W" 211 9 3 80 "A"
"-Frank White" 566 154 22 76 84 43 14 6100 1583 131 743 693 300 "A" "W" 316 439 10 750 "A"
"-Glenn Davis" 574 152 31 91 101 64 3 985 260 53 148 173 95 "N" "W" 1253 111 11 215 "N"
"-Kevin Bass" 591 184 20 83 79 38 5 1689 462 40 219 195 82 "N" "W" 303 12 5 630 "N"
"-Daryl Boston" 199 53 5 29 22 21 3 514 120 8 57 40 39 "A" "W" 152 3 5 75 "A"
"-Scott Fletcher" 530 159 3 82 50 47 6 1619 426 11 218 149 163 "A" "W" 196 354 15 475 "A"
"-Jesse Barfield" 589 170 40 107 108 69 6 2325 634 128 371 376 238 "A" "E" 368 20 3 1237.5 "A"
"-Glenn Wilson" 584 158 15 70 84 42 5 2358 636 58 265 316 134 "N" "E" 331 20 4 662.5 "N"
"-Marty Barrett" 625 179 4 94 60 65 5 1696 476 12 216 163 166 "A" "E" 303 450 14 575 "A"
"-Phil Garner" 313 83 9 43 41 30 14 5885 1543 104 751 714 535 "N" "W" 58 141 23 450 "N"
"-Bruce Bochy" 127 32 8 16 22 14 8 727 180 24 67 82 56 "N" "W" 202 22 2 135 "N"
"-Cory Snyder" 416 113 24 58 69 16 1 416 113 24 58 69 16 "A" "E" 203 70 10 90 "A"
"-Doug DeCinces" 512 131 26 69 96 52 14 5347 1397 221 712 815 548 "A" "W" 119 216 12 850 "A"
"-Mark Salas" 258 60 8 28 33 18 3 638 170 17 80 75 36 "A" "W" 358 32 8 137 "A"
"-Rick Dempsey" 327 68 13 42 29 45 18 3949 939 78 438 380 466 "A" "E" 659 53 7 400 "A"
"-Mike Easler" 490 148 14 64 78 49 13 3400 1000 113 445 491 301 "A" "E" 0 0 0 700 "N"
"-Bo Diaz" 474 129 10 50 56 40 10 2331 604 61 246 327 166 "N" "W" 732 83 13 750 "N"
"-Jody Davis" 528 132 21 61 74 41 6 2641 671 97 273 383 226 "N" "E" 885 105 8 1008.333 "N"
"-Juan Beniquez" 343 103 6 48 36 40 15 4338 1193 70 581 421 325 "A" "E" 211 56 13 430 "A"
"-Steve Balboni" 512 117 29 54 88 43 6 1750 412 100 204 276 155 "A" "W" 1236 98 18 100 "A"
"-Hal McRae" 278 70 7 22 37 18 18 7186 2081 190 935 1088 643 "A" "W" 0 0 0 325 "A"
"-Ken Phelps" 344 85 24 69 64 88 7 911 214 64 150 156 187 "A" "W" 0 0 0 300 "A"
"-Alfredo Griffin" 594 169 4 74 51 35 11 4408 1133 19 501 336 194 "A" "W" 282 421 25 750 "A"
"-Darryl Strawberry" 475 123 27 76 93 72 4 1810 471 108 292 343 267 "N" "E" 226 10 6 1220 "N"
"-Rickey Henderson" 608 160 28 130 74 89 8 4071 1182 103 862 417 708 "A" "E" 426 4 6 1670 "A"
"-Leon Durham" 484 127 20 66 65 67 7 3006 844 116 436 458 377 "N" "E" 1231 80 7 1183.333 "N"
"-Steve Sax" 633 210 6 91 56 59 6 3070 872 19 420 230 274 "N" "W" 367 432 16 90 "N"
"-Rick Manning" 205 52 8 31 27 17 12 5134 1323 56 643 445 459 "A" "E" 155 3 2 400 "A"
"-Darrell Evans" 507 122 29 78 85 91 18 7761 1947 347 1175 1152 1380 "A" "E" 808 108 2 535 "A"
"-Eric Davis" 415 115 27 97 71 68 3 711 184 45 156 119 99 "N" "W" 274 2 7 300 "N"
"-Greg Brock" 325 76 16 33 52 37 5 1506 351 71 195 219 214 "N" "W" 726 87 3 385 "A"
"-Randy Bush" 357 96 7 50 45 39 5 1394 344 43 178 192 136 "A" "W" 167 2 4 300 "A"
"-Len Matuszek" 199 52 9 26 28 21 6 805 191 30 113 119 87 "N" "W" 235 22 5 265 "N"
"-Curt Wilkerson" 236 56 0 27 15 11 4 1115 270 1 116 64 57 "A" "W" 125 199 13 230 "A"
"-Eddie Murray" 495 151 17 61 84 78 10 5624 1679 275 884 1015 709 "A" "E" 1045 88 13 2460 "A"
"-Mike Diaz" 209 56 12 22 36 19 2 216 58 12 24 37 19 "N" "E" 201 6 3 90 "N"
"-Jack Clark" 232 55 9 34 23 45 12 4405 1213 194 702 705 625 "N" "E" 623 35 3 1300 "N"
"-Keith Moreland" 586 159 12 72 79 53 9 3082 880 83 363 477 295 "N" "E" 181 13 4 1043.333 "N"
"-Dick Schofield" 458 114 13 67 57 48 4 1350 298 28 160 123 122 "A" "W" 246 389 18 475 "A"
"-Alan Ashby" 315 81 7 24 38 39 14 3449 835 69 321 414 375 "N" "W" 632 43 10 475 "N"
"-Carney Lansford" 591 168 19 80 72 39 9 4478 1307 113 634 563 319 "A" "W" 67 147 4 1200 "A"
"-Milt Thompson" 299 75 6 38 23 26 3 580 160 8 71 33 44 "N" "E" 212 1 2 140 "N"
"-Larry Herndon" 283 70 8 33 37 27 12 4479 1222 94 557 483 307 "A" "E" 156 2 2 225 "A"
"-Ron Hassey" 341 110 9 45 49 46 9 2331 658 50 249 322 274 "A" "E" 251 9 4 560 "A"
"-Oddibe McDowell" 572 152 18 105 49 65 2 978 249 36 168 91 101 "A" "W" 325 13 3 200 "A"
"-Steve Garvey" 557 142 21 58 81 23 18 8759 2583 271 1138 1299 478 "N" "W" 1160 53 7 1450 "N"
"-George Hendrick" 283 77 14 45 47 26 16 6840 1910 259 915 1067 546 "A" "W" 144 6 5 700 "A"
"-Jose Uribe" 453 101 3 46 43 61 3 948 218 6 96 72 91 "N" "W" 249 444 16 195 "N"
"-Steve Jeltz" 439 96 0 44 36 65 4 711 148 1 68 56 99 "N" "E" 229 406 22 150 "N"
"-Jim Sundberg" 429 91 12 41 42 57 13 5590 1397 83 578 579 644 "A" "W" 686 46 4 825 "N"
"-Bob Brenly" 472 116 16 60 62 74 6 1924 489 67 242 251 240 "N" "W" 518 55 3 600 "N"
"-Harry Spilman" 143 39 5 18 30 15 9 639 151 16 80 97 61 "N" "W" 138 15 1 175 "N"
"-Mookie Wilson" 381 110 9 61 45 32 7 3015 834 40 451 249 168 "N" "E" 228 7 5 800 "N"
"-Gary Pettis" 539 139 5 93 58 69 5 1469 369 12 247 126 198 "A" "W" 462 9 7 400 "A"
"-Carmen Castillo" 205 57 8 34 32 9 5 756 192 32 117 107 51 "A" "E" 58 4 4 247.5 "A"
"-Ozzie Virgil" 359 80 15 45 48 63 7 1493 359 61 176 202 175 "N" "W" 682 93 13 700 "N"
"-John Cangelosi" 438 103 2 65 32 71 2 440 103 2 67 32 71 "A" "W" 276 7 9 100 "N"
"-Ozzie Smith" 514 144 0 67 54 79 9 4739 1169 13 583 374 528 "N" "E" 229 453 15 1940 "N"
"-Dave Anderson" 216 53 1 31 15 22 4 926 210 9 118 69 114 "N" "W" 73 152 11 225 "N"
"-Candy Maldonado" 405 102 18 49 85 20 6 950 231 29 99 138 64 "N" "W" 161 10 3 415 "N"
"-Dave Henderson" 388 103 15 59 47 39 6 2174 555 80 285 274 186 "A" "W" 182 9 4 325 "A"
"-Gary Carter" 490 125 24 81 105 62 13 6063 1646 271 847 999 680 "N" "E" 869 62 8 1925.571 "N"
"-Alex Trevino" 202 53 4 31 26 27 9 1876 467 15 192 186 161 "N" "W" 304 45 11 512.5 "N"
"-Kirk Gibson" 441 118 28 84 86 68 8 2723 750 126 433 420 309 "A" "E" 190 2 2 1300 "A"
"-Andres Thomas" 323 81 6 26 32 8 2 341 86 6 32 34 8 "N" "W" 143 290 19 75 "N"
"-Rob Wilfong" 288 63 3 25 33 16 10 2682 667 38 315 259 204 "A" "W" 135 257 7 341.667 "A"
"-Terry Harper" 265 68 8 26 30 29 7 1337 339 32 135 163 128 "N" "W" 92 5 3 425 "A"
"-Dan Pasqua" 280 82 16 44 45 47 2 428 113 25 61 70 63 "A" "E" 148 4 2 110 "A"
"-Joel Skinner" 315 73 5 23 37 16 4 450 108 6 38 46 28 "A" "W" 227 15 3 110 "A"
"-Howard Johnson" 220 54 10 30 39 31 5 1185 299 40 145 154 128 "N" "E" 50 136 20 297.5 "N"
"-Tony Bernazard" 562 169 17 88 73 53 8 3181 841 61 450 342 373 "A" "E" 351 442 17 530 "A"
"-Rick Schu" 208 57 8 32 25 18 3 653 170 17 98 54 62 "N" "E" 42 94 13 140 "N"
"-Craig Reynolds" 313 78 6 32 41 12 12 3742 968 35 409 321 170 "N" "W" 106 206 7 416.667 "N"
"-Ray Knight" 486 145 11 51 76 40 11 3967 1102 67 410 497 284 "N" "E" 88 204 16 500 "A"
"-Mitch Webster" 576 167 8 89 49 57 4 822 232 19 132 83 79 "N" "E" 325 12 8 210 "N"
"-Cal Ripken" 627 177 25 98 81 70 6 3210 927 133 529 472 313 "A" "E" 240 482 13 1350 "A"
"-Will Clark" 408 117 11 66 41 34 1 408 117 11 66 41 34 "N" "W" 942 72 11 120 "N"
"-Mike Schmidt" 20 1 0 0 0 0 2 41 9 2 6 7 4 "N" "E" 78 220 6 2127.333 "N"